1410295581 28
1410295903 678
1410298005 773
1410309908 775
1410355340 848
1410461076 844
1410471462 837
1410539586 766
1410539655 766
1410549087 780
1411006669 789
1411051546 1685
1411057642 1692
1411136918 1699
1411144306 1715
1411145842 1715
1411148715 1715
1411485630 2213
1411487201 2212
1411488438 2212
1411758852 2211
1412011481 2220
1412946301 2226
1413577844 2226
1413577966 2227
1413831813 2252
1414525888 2490
1414555083 2768
1414694596 2762
1415701685 2850
1415702031 2847
1415982861 3292
1415989897 3298
1417982156 3298
1418150502 3319
1418159469 3364
1418326503 3377
1418333069 3380
